type,latitude,longitude,altitude (m),course,slope (%),distance (km),distance_interval (m),color,width,opacity,name,desc
T,4.707956573,-74.060414611,2554.2,,,0.000,,,2,1.00,Bogota Sopo,
T,4.706896165,-74.055616166,2553.1,102.5,-0.2,0.545,545.13,,,,,
T,4.706684928,-74.053855798,2549.7,96.9,-1.7,0.742,196.70,,,,,
T,4.706408848,-74.052325804,2555.7,100.3,3.5,0.914,172.47,,,,,
T,4.705415184,-74.048791427,2552.3,105.8,-0.8,1.322,407.23,,,,,
T,4.701867235,-74.049377061,2551.8,189.3,-0.1,1.719,397.68,,,,,
T,4.698633191,-74.049954453,2550.8,190.1,-0.3,2.083,363.32,,,,,
T,4.695273198,-74.050531805,2553.8,189.7,0.8,2.460,377.04,,,,,
T,4.686117952,-74.052120547,2557.9,189.8,0.4,3.487,1027.63,,,,,
T,4.685447521,-74.048949701,2559.7,102.0,0.5,3.847,359.53,,,,,
T,4.684369417,-74.046654187,2561.5,115.2,0.6,4.128,281.21,,,,,
T,4.682739560,-74.043349779,2559.7,116.3,-0.4,4.536,408.53,,,,,
T,4.677367329,-74.046014372,2567.1,206.3,1.1,5.200,663.57,,,,,
T,4.675665507,-74.046964367,2566.3,209.1,-0.4,5.416,215.70,,,,,
T,4.673621648,-74.047984493,2566.6,206.4,0.1,5.669,252.77,,,,,
T,4.671697268,-74.044238879,2590.5,117.3,5.1,6.135,466.90,,,,,
T,4.671532781,-74.043802160,2596.4,110.7,11.5,6.187,51.76,,,,,
T,4.671078796,-74.043509149,2603.3,147.2,11.5,6.247,59.81,,,,,
T,4.670355801,-74.043585087,2622.4,186.0,23.7,6.327,80.39,,,,,
T,4.668964211,-74.044238699,2625.8,205.1,2.0,6.497,170.12,,,,,
T,4.669565935,-74.043594915,2650.3,46.8,25.1,6.595,97.62,,,,,
T,4.670060555,-74.042752787,2650.2,59.5,-0.1,6.703,108.27,,,,,
T,4.669888537,-74.042321026,2658.5,111.8,16.1,6.755,51.54,,,,,
T,4.669548901,-74.041986957,2670.5,135.6,22.8,6.808,52.77,,,,,
T,4.669290945,-74.041127740,2672.9,106.8,2.4,6.907,99.51,,,,,
T,4.669041297,-74.040476440,2677.6,111.0,6.0,6.985,77.36,,,,,
T,4.668830794,-74.040208536,2684.2,128.3,17.4,7.022,37.75,,,,,
T,4.668313484,-74.039771958,2699.3,139.9,20.2,7.097,74.96,,,,,
T,4.668218858,-74.039609344,2703.5,120.3,19.9,7.118,20.86,,,,,
T,4.668297375,-74.039362190,2698.2,72.3,-18.3,7.147,28.76,,,,,
T,4.670001396,-74.038830957,2716.0,17.3,9.0,7.344,197.44,,,,,
T,4.670439533,-74.038971788,2704.0,342.2,-23.6,7.395,50.91,,,,,
T,4.671212995,-74.038737002,2713.0,16.8,10.1,7.485,89.41,,,,,
T,4.672098969,-74.038638966,2718.0,6.3,5.1,7.583,98.57,,,,,
T,4.672407321,-74.038940108,2707.9,315.8,-21.1,7.631,47.74,,,,,
T,4.672674841,-74.039047271,2705.9,338.2,-6.5,7.663,31.88,,,,,
T,4.673466031,-74.038951947,2713.5,6.8,8.6,7.751,88.13,,,,,
T,4.673837289,-74.038641892,2714.2,39.8,1.4,7.805,53.56,,,,,
T,4.673882878,-74.038110931,2730.9,85.1,28.3,7.864,59.13,,,,,
T,4.673960970,-74.037594859,2737.4,81.4,11.2,7.922,57.91,,,,,
T,4.674078003,-74.037051800,2741.1,77.8,6.0,7.983,61.63,,,,,
T,4.674200165,-74.036388171,2751.4,79.5,13.7,8.058,74.86,,,,,
T,4.674505053,-74.035993107,2756.9,52.2,10.0,8.113,55.30,,,,,
T,4.675369411,-74.035614810,2767.6,23.6,10.2,8.218,104.39,,,,,
T,4.675736519,-74.035719386,2760.9,344.1,-15.8,8.260,42.22,,,,,
T,4.676210927,-74.035843468,2748.5,345.4,-22.9,8.314,54.24,,,,,
T,4.676641723,-74.035620983,2753.4,27.2,9.1,8.368,53.65,,,,,
T,4.676898299,-74.035171979,2763.5,60.2,17.6,8.425,57.33,,,,,
T,4.677003083,-74.034406804,2781.3,82.2,20.8,8.511,85.68,,,,,
T,4.677636291,-74.033378664,2779.6,58.3,-1.2,8.645,133.85,,,,,
T,4.677516011,-74.031966355,2795.0,94.9,9.8,8.802,157.26,,,,,
T,4.677345460,-74.031181299,2797.9,102.3,3.2,8.891,89.12,,,,,
T,4.677005342,-74.030574080,2796.1,119.3,-2.3,8.968,77.16,,,,,
T,4.676110273,-74.030695134,2811.7,187.7,15.6,9.068,99.89,,,,,
T,4.675748268,-74.030570590,2817.3,161.1,13.2,9.110,42.35,,,,,
T,4.675314204,-74.027709689,2844.1,98.7,8.4,9.432,321.03,,,,,
T,4.675751007,-74.027033666,2842.3,57.0,-2.0,9.521,89.21,,,,,
T,4.675847757,-74.026764508,2845.0,70.2,8.5,9.552,31.72,,,,,
T,4.675244144,-74.024758334,2871.5,106.8,11.4,9.785,232.38,,,,,
T,4.675524811,-74.023833120,2867.2,73.1,-4.0,9.892,107.24,,,,,
T,4.675538648,-74.023480175,2870.1,87.7,7.3,9.931,39.19,,,,,
T,4.675188554,-74.023213604,2880.7,142.8,21.7,9.980,48.72,,,,,
T,4.674739414,-74.022905212,2889.8,145.6,15.2,10.040,60.31,,,,,
T,4.674665872,-74.022604321,2889.5,103.8,-0.8,10.075,34.36,,,,,
T,4.674856829,-74.022238015,2887.4,62.4,-4.6,10.120,45.80,,,,,
T,4.674919748,-74.021815265,2892.2,81.5,10.0,10.168,47.42,,,,,
T,4.674716128,-74.021271326,2897.1,110.6,7.7,10.232,64.41,,,,,
T,4.674290914,-74.021052600,2902.4,152.9,10.0,10.285,52.91,,,,,
T,4.673857496,-74.020701016,2911.8,141.0,15.2,10.347,61.80,,,,,
T,4.673811193,-74.020337148,2912.7,97.3,2.3,10.388,40.70,,,,,
T,4.673942657,-74.019855251,2909.9,74.7,-5.2,10.443,55.41,,,,,
T,4.673727873,-74.019267303,2915.5,110.1,8.1,10.513,69.42,,,,,
T,4.673399628,-74.018713125,2918.3,120.7,3.9,10.584,71.40,,,,,
T,4.673052646,-74.018440117,2923.1,141.9,9.8,10.633,48.89,,,,,
T,4.672647882,-74.018260864,2927.4,156.2,8.9,10.682,48.98,,,,,
T,4.672511329,-74.017787863,2930.1,106.2,4.9,10.736,54.61,,,,,
T,4.672466256,-74.017346401,2930.8,95.8,1.5,10.786,49.23,,,,,
T,4.672278817,-74.016965823,2931.9,116.3,2.3,10.833,47.04,,,,,
T,4.671989695,-74.016780141,2935.1,147.4,8.5,10.871,38.03,,,,,
T,4.670721063,-74.016307898,2945.4,159.6,6.9,11.020,149.75,,,,,
T,4.670424277,-74.016040984,2947.2,138.1,3.9,11.065,44.21,,,,,
T,4.670039167,-74.014767114,2951.2,106.9,2.7,11.212,147.62,,,,,
T,4.669793804,-74.014190629,2954.5,113.1,4.8,11.282,69.48,,,,,
T,4.669160218,-74.013318987,2960.3,126.1,4.8,11.401,119.42,,,,,
T,4.668644677,-74.012728501,2972.8,131.2,14.4,11.488,86.85,,,,,
T,4.668216972,-74.012615825,2977.3,165.3,9.2,11.537,48.92,,,,,
T,4.667719330,-74.012678019,2978.4,187.1,2.2,11.592,55.46,,,,,
T,4.667379064,-74.012888107,2982.1,211.6,8.4,11.637,44.26,,,,,
T,4.666966239,-74.013635446,2989.7,241.0,8.0,11.731,94.66,,,,,
T,4.666675132,-74.013982889,2990.8,229.9,2.1,11.782,50.22,,,,,
T,4.666365172,-74.014066118,2992.9,195.0,5.9,11.817,35.50,,,,,
T,4.666180285,-74.013921715,2995.3,142.1,9.2,11.843,25.98,,,,,
T,4.666132669,-74.013727197,2997.4,103.8,9.7,11.865,22.22,,,,,
T,4.666345421,-74.012928754,2997.4,75.0,-0.0,11.957,91.66,,,,,
T,4.666400350,-74.012418038,2997.3,83.8,-0.2,12.014,56.99,,,,,
T,4.666343696,-74.011959086,2999.6,97.1,4.5,12.065,51.31,,,,,
T,4.666136442,-74.011674536,3003.0,126.2,8.7,12.104,39.01,,,,,
T,4.665823661,-74.011383900,3008.1,137.2,10.9,12.152,47.29,,,,,
T,4.665019098,-74.011044310,3015.4,157.2,7.5,12.248,96.62,,,,,
T,4.664142021,-74.010750224,3018.4,161.5,3.0,12.350,102.33,,,,,
T,4.663867605,-74.010671654,3017.8,164.1,-1.8,12.382,31.57,,,,,
T,4.663265982,-74.010398781,3016.5,155.7,-1.8,12.455,73.09,,,,,
T,4.662569743,-74.010102262,3009.3,157.0,-8.6,12.539,83.73,,,,,
T,4.662006725,-74.009506181,3000.1,133.5,-10.1,12.630,90.83,,,,,
T,4.661761381,-74.009213623,2993.7,130.1,-15.1,12.672,42.31,,,,,
T,4.661563311,-74.008623051,2986.7,108.6,-10.2,12.741,69.09,,,,,
T,4.661511096,-74.008189683,2983.4,96.9,-6.7,12.789,48.43,,,,,
T,4.661746160,-74.007600449,2983.0,68.2,-0.6,12.860,70.36,,,,,
T,4.661675734,-74.007260865,2978.8,101.8,-11.0,12.898,38.47,,,,,
T,4.661396416,-74.007073786,2973.6,146.3,-14.0,12.936,37.21,,,,,
T,4.660580986,-74.007085227,2963.1,180.8,-11.6,13.026,90.18,,,,,
T,4.660245936,-74.006873227,2959.5,147.8,-8.3,13.070,43.89,,,,,
T,4.660119414,-74.005624581,2950.2,95.8,-6.6,13.209,139.25,,,,,
T,4.660374390,-74.005313124,2945.4,50.6,-10.8,13.253,44.60,,,,,
T,4.660656171,-74.005225381,2944.0,17.2,-4.4,13.286,32.65,,,,,
T,4.661357771,-74.005264606,2950.5,356.8,8.3,13.364,77.71,,,,,
T,4.661956622,-74.004897891,2947.4,31.4,-3.9,13.442,77.72,,,,,
T,4.662019586,-74.004426268,2937.1,82.4,-19.6,13.494,52.79,,,,,
T,4.662108775,-74.004091896,2929.6,75.0,-19.5,13.533,38.39,,,,,
T,4.662451403,-74.003845055,2925.5,35.7,-8.8,13.579,46.75,,,,,
T,4.663018886,-74.003680450,2921.3,16.1,-6.4,13.645,65.36,,,,,
T,4.666831649,-74.001264772,2886.0,32.3,-7.1,14.144,499.60,,,,,
T,4.666998302,-74.001027328,2883.3,54.8,-8.2,14.177,32.15,,,,,
T,4.667169103,-74.000482444,2872.4,72.5,-17.2,14.240,63.34,,,,,
T,4.667386128,-74.000242801,2868.5,47.7,-11.1,14.276,35.82,,,,,
T,4.667873862,-74.000234309,2873.8,1.0,9.9,14.330,53.94,,,,,
T,4.668844418,-73.998930643,2857.2,53.2,-9.2,14.510,180.11,,,,,
T,4.669020116,-73.998169800,2846.8,77.0,-12.1,14.596,86.62,,,,,
T,4.669259621,-73.997842263,2842.6,53.7,-9.4,14.641,44.97,,,,,
T,4.670029332,-73.997689595,2845.8,11.2,3.8,14.728,86.79,,,,,
T,4.670620714,-73.997063803,2833.1,46.5,-13.4,14.824,95.38,,,,,
T,4.671191340,-73.996945363,2834.2,11.7,1.7,14.888,64.45,,,,,
T,4.671720211,-73.996484128,2828.4,41.0,-7.5,14.966,77.71,,,,,
T,4.672435753,-73.996241761,2832.0,18.7,4.3,15.049,83.57,,,,,
T,4.672939562,-73.995931562,2823.0,31.5,-13.7,15.115,65.49,,,,,
T,4.673598278,-73.995779435,2818.8,13.0,-5.6,15.190,74.77,,,,,
T,4.674208707,-73.995385313,2817.0,32.8,-2.2,15.270,80.43,,,,,
T,4.675119855,-73.995118843,2816.9,16.2,-0.1,15.375,105.00,,,,,
T,4.675760953,-73.994199295,2825.6,55.0,7.0,15.499,124.24,,,,,
T,4.676048320,-73.994164790,2825.8,6.8,0.5,15.531,32.01,,,,,
T,4.676957379,-73.994351567,2821.9,348.4,-3.8,15.634,102.64,,,,,
T,4.677437797,-73.994275423,2822.7,9.0,1.6,15.688,53.79,,,,,
T,4.677644562,-73.993702591,2823.0,70.1,0.3,15.755,67.54,,,,,
T,4.677891038,-73.992824497,2824.5,74.3,1.5,15.856,101.17,,,,,
T,4.678222713,-73.992222980,2827.5,61.0,4.0,15.933,76.15,,,,,
T,4.679382698,-73.991308469,2839.8,38.2,7.5,16.096,163.55,,,,,
T,4.681237608,-73.990461805,2848.6,24.5,3.9,16.322,225.61,,,,,
T,4.682787791,-73.990552831,2844.6,356.7,-2.3,16.493,171.72,,,,,
T,4.683534412,-73.989830751,2852.0,43.9,6.4,16.608,115.04,,,,,
T,4.684390241,-73.989879547,2846.8,356.7,-5.4,16.703,94.79,,,,,
T,4.686730839,-73.988717525,2848.4,26.3,0.5,16.992,289.16,,,,,
T,4.687731599,-73.988925578,2840.9,348.3,-6.6,17.105,113.05,,,,,
T,4.692801986,-73.987265035,2844.7,18.1,0.7,17.696,590.19,,,,,
T,4.693750637,-73.987073521,2838.7,11.4,-5.7,17.803,107.03,,,,,
T,4.696349272,-73.985480005,2829.8,31.4,-2.6,18.140,337.39,,,,,
T,4.696955730,-73.984243422,2823.8,63.8,-4.0,18.293,152.71,,,,,
T,4.699168527,-73.982947564,2812.0,30.3,-4.2,18.577,283.81,,,,,
T,4.701082017,-73.981366398,2799.0,39.5,-4.7,18.851,274.86,,,,,
T,4.704180155,-73.978604501,2782.7,41.6,-3.5,19.311,459.64,,,,,
T,4.705968872,-73.976885935,2792.5,43.8,3.6,19.586,274.74,,,,,
T,4.706063852,-73.976211482,2794.7,82.0,2.9,19.661,75.56,,,,,
T,4.706609801,-73.975596214,2792.3,48.3,-2.6,19.752,91.13,,,,,
T,4.707464911,-73.975118897,2773.2,29.1,-17.6,19.861,108.38,,,,,
T,4.707601772,-73.974120739,2774.6,82.2,1.2,19.973,111.77,,,,,
T,4.708233493,-73.973570339,2758.6,41.0,-17.3,20.065,92.78,,,,,
T,4.708292992,-73.972848398,2766.0,85.3,9.3,20.146,80.37,,,,,
T,4.709014189,-73.972454185,2753.0,28.6,-14.4,20.237,90.96,,,,,
T,4.709954538,-73.971687657,2742.8,39.1,-7.5,20.371,134.33,,,,,
T,4.710347948,-73.971606153,2741.8,11.7,-2.3,20.416,44.43,,,,,
T,4.711090084,-73.972054565,2734.1,328.9,-8.0,20.511,95.97,,,,,
T,4.712210412,-73.972066332,2730.6,359.4,-2.8,20.635,123.89,,,,,
T,4.712802562,-73.971856633,2729.5,19.4,-1.6,20.705,69.49,,,,,
T,4.714255112,-73.970507495,2718.4,42.8,-5.1,20.924,219.56,,,,,
T,4.714564463,-73.969413824,2713.8,74.2,-3.6,21.050,126.07,,,,,
T,4.715291035,-73.968687257,2704.7,44.9,-8.0,21.164,113.81,,,,,
T,4.717220966,-73.967946828,2698.9,20.9,-2.5,21.393,228.68,,,,,
T,4.719139498,-73.967671149,2685.8,8.2,-6.1,21.607,214.35,,,,,
T,4.720027337,-73.966984732,2683.2,37.6,-2.1,21.732,124.25,,,,,
T,4.722146511,-73.964829369,2683.2,45.4,0.0,22.066,334.81,,,,,
T,4.724061516,-73.963310675,2682.9,38.3,-0.1,22.337,270.62,,,,,
T,4.724935900,-73.961967033,2672.6,56.9,-5.8,22.515,177.68,,,,,
T,4.723869626,-73.958742863,2677.9,108.4,1.4,22.891,376.63,,,,,
T,4.723231525,-73.955415834,2678.7,100.9,0.2,23.267,375.80,,,,,
T,4.724561388,-73.952745767,2666.6,63.4,-3.7,23.598,330.72,,,,,
T,4.726157374,-73.952269073,2677.6,16.6,6.0,23.782,184.24,,,,,
T,4.727365350,-73.951596647,2682.2,29.0,3.0,23.935,153.00,,,,,
T,4.730152495,-73.951488284,2714.1,2.2,10.3,24.244,308.44,,,,,
T,4.731571460,-73.950328913,2713.7,39.2,-0.2,24.446,202.89,,,,,
T,4.733464355,-73.951218661,2731.6,334.9,7.7,24.678,231.43,,,,,
T,4.735390286,-73.950644490,2734.7,16.5,1.4,24.900,222.30,,,,,
T,4.736719895,-73.951396374,2746.6,330.6,7.1,25.069,169.04,,,,,
T,4.738135486,-73.951075982,2729.4,12.7,-10.7,25.230,160.52,,,,,
T,4.739022438,-73.952240773,2734.8,307.4,3.4,25.392,162.23,,,,,
T,4.741783455,-73.952193157,2727.6,1.0,-2.4,25.697,305.36,,,,,
T,4.743295351,-73.952517399,2721.5,347.9,-3.6,25.868,171.01,,,,,
T,4.745526669,-73.952349791,2709.1,4.3,-5.0,26.116,247.44,,,,,
T,4.747670096,-73.952294902,2699.5,1.5,-4.1,26.353,237.10,,,,,
T,4.748717648,-73.951576493,2690.6,34.4,-6.3,26.493,140.61,,,,,
T,4.755748666,-73.953127993,2653.1,347.6,-4.7,27.290,796.33,,,,,
T,4.759653287,-73.955670360,2632.2,327.0,-4.1,27.806,515.74,,,,,
T,4.761759725,-73.958482535,2624.0,306.9,-2.1,28.195,389.34,,,,,
T,4.769236030,-73.959941323,2594.5,349.0,-3.5,29.037,842.43,,,,,
T,4.772940449,-73.956642877,2583.3,41.6,-2.0,29.587,549.27,,,,,
T,4.775111609,-73.954363523,2583.1,46.3,-0.1,29.935,348.69,,,,,
T,4.794585722,-73.949577194,2585.0,13.8,0.1,32.153,2217.98,,,,,
T,4.799403540,-73.949001121,2592.4,6.8,1.4,32.690,536.58,,,,,
T,4.803838510,-73.946929807,2597.0,25.0,0.8,33.231,541.59,,,,,
T,4.811588222,-73.944503950,2596.1,17.3,-0.1,34.130,898.24,,,,,
T,4.816484047,-73.942038325,2607.3,26.6,1.8,34.736,606.56,,,,,
T,4.821987169,-73.938384269,2612.4,33.5,0.7,35.467,731.18,,,,,
T,4.823675150,-73.935084643,2579.0,62.8,-8.1,35.878,410.87,,,,,
T,4.829918309,-73.933587551,2579.6,13.4,0.1,36.588,710.07,,,,,
T,4.844774195,-73.936841584,2588.2,347.7,0.5,38.270,1681.98,,,,,
T,4.852905797,-73.939880408,2572.1,339.6,-1.7,39.231,960.31,,,,,
T,4.861144056,-73.940254946,2567.1,357.4,-0.5,40.143,911.95,,,,,
T,4.867359699,-73.938889828,2567.9,12.3,0.1,40.846,703.82,,,,,
T,4.885364809,-73.942900737,2569.8,347.5,0.1,42.887,2040.14,,,,,
T,4.889424431,-73.945429516,2575.6,328.2,1.1,43.416,529.34,,,,,
T,4.892740139,-73.945639170,2585.1,356.4,2.6,43.783,367.40,,,,,
T,4.901157694,-73.942362924,2572.7,21.2,-1.2,44.783,999.25,,,,,
T,4.906245171,-73.943214205,2563.5,350.5,-1.6,45.353,570.45,,,,,
T,4.913851145,-73.942232437,2568.5,7.3,0.6,46.201,848.11,,,,,
T,4.915624399,-73.943914544,2560.7,316.6,-2.9,46.472,270.66,,,,,
T,4.917745616,-73.945623471,2562.4,321.2,0.6,46.773,301.58,,,,,
T,4.920800352,-73.948081763,2564.6,321.3,0.5,47.207,434.11,,,,,
T,4.925155860,-73.951250000,2560.1,324.1,-0.8,47.804,596.20,,,,,
T,4.926057601,-73.951875794,2559.2,325.3,-0.8,47.925,121.49,,,,,
T,4.930747688,-73.952523261,2562.1,352.2,0.6,48.449,523.59,,,,,
T,4.938642242,-73.959501519,2559.2,318.6,-0.2,49.615,1166.68,,,,,
T,4.939739241,-73.959995538,2560.4,335.8,0.9,49.749,133.11,,,,,
T,4.939155862,-73.962764620,2563.5,258.1,1.0,50.062,313.82,,,,,
T,4.939127044,-73.965018961,2562.9,269.3,-0.2,50.312,250.05,,,,,
T,4.939309459,-73.967767370,2560.7,273.8,-0.7,50.618,305.49,,,,,
T,4.939401424,-73.970275421,2563.6,272.1,1.0,50.896,278.35,,,,,
T,4.939075502,-73.973750649,2561.4,264.6,-0.6,51.283,387.11,,,,,
T,4.938399099,-73.978736692,2560.5,262.2,-0.2,51.841,558.03,,,,,
T,4.936878308,-73.983637325,2558.3,252.7,-0.4,52.410,568.95,,,,,
T,4.934076347,-73.989089272,2567.5,242.7,1.4,53.090,679.44,,,,,
T,4.929962520,-73.993191269,2572.0,224.8,0.7,53.733,643.38,,,,,
T,4.925746262,-73.996279328,2563.5,216.1,-1.5,54.312,578.52,,,,,
T,4.920852072,-73.997829590,2559.3,197.5,-0.7,54.880,567.87,,,,,
T,4.906436040,-74.002705783,2555.4,198.6,-0.2,56.563,1683.40,,,,,
T,4.897829723,-74.006910214,2555.9,206.0,0.0,57.623,1059.82,,,,,
T,4.892362018,-74.009971471,2551.6,209.2,-0.6,58.316,693.45,,,,,
T,4.882544605,-74.016160557,2556.7,212.1,0.4,59.601,1284.46,,,,,
T,4.875948160,-74.020915521,2565.8,215.7,1.0,60.501,900.15,,,,,
T,4.865431064,-74.024874156,2565.3,200.6,-0.0,61.744,1243.13,,,,,
T,4.862778003,-74.026962180,2562.4,218.1,-0.8,62.118,373.78,,,,,
T,4.857579400,-74.029116798,2550.8,202.4,-1.9,62.740,622.57,,,,,
T,4.831702704,-74.033429790,2554.4,189.4,0.1,65.642,2901.22,,,,,
T,4.800276689,-74.038477862,2557.0,189.1,0.1,69.162,3519.98,,,,,
T,4.754297607,-74.046450487,2556.7,189.8,-0.0,74.322,5160.81,,,,,
T,4.708529579,-74.053893412,2551.0,189.2,-0.1,79.450,5128.03,,,,,
T,4.707395711,-74.054532295,2551.8,209.3,0.6,79.594,144.03,,,,,
T,4.707860623,-74.059614481,2556.0,275.2,0.7,80.161,566.19,,,,,
T,4.707956573,-74.060414611,2554.2,276.9,-2.0,80.250,89.40,,,,,
